# Created by Octave 4.4.1, Sat Dec 15 19:21:57 2018 JST <Shumo@longtime.local>
# name: v
# type: matrix
# rows: 1
# columns: 3
 3456 3442 4567


